KAISERURKUNDEN.

239.

Oreo 11111101 011 bisdebflielzere Ke'rehe 111 Parma 011 Secede 11111 11111111 1111100001
vere dree' 1111911111 111 [1111111111 11111111 Zod 11110 allen 011111111101111111011911,
111111 011 Redde 111111 1101191011111111 011111111111111111111111111119111 11.-1101111 Be·
1119111101111111111111111. 11111 902 111111 13. 1

11101011111111111110.1, 2, 100 ee eod. tabularii Vaticani (U) τ. 1011, 2, 157 =
11111111 011111 dipl. 1⁰, 36 re⁰ 52 eu 01011 12, = Affl) 011111 01 Parme, 1, 351
re⁰ 60, = 11101111 Α11.3,1001111111101011. — Βο111111 1111. 256. - 81111111 1119. 301.

Dies 1111100111 001111111111.11101 1110 111111 1111 01131110111111 Heinrich 111111
J. 1004 (8111111 Res. 1380). 1111111111111 11111111111111111111111111 101 1111111111111 1111- 11
1110111131, 11111011 011 0111111111 013 1111111111 0110111111 1111101101111 0111111011 1111,
111 011 eadee Esedetokod 111 1111111111111 0110011101011 111111111111111110111 110 111-
11111011 011 Τ11111111110 111191 110111 der 1111111 serrare 0111 0111111111 1111111101111111.
1111111111001101111111011 1111111011 1111111111 011111111101111110 111 1111111111 111111
dem 8111011 Karelee' 1111111101 110111111111101111101111111. So 11111 11 11 01111 Ε1110- 15
11111 dass 111 110111 01011011010 011111101111011’0111101101110 l. 1111110113011111111
1111110110111 0111111111 11111111 1111011111· 110 dass 11111 111111 011 111111. 111-
0111 1111101111111111010111111111101110. 230 11 1111111111 111. Ζ11011111 1111111111
1100111011011111111911101111111101111111111111111111 ’11110111111111111 111111 11111111 110
dass dieser so 111111 1111111111 11111111 1111 0111111111 81011101111111 111111111111111111
101111 111 dem Beyirm des 11.]1111111111 1111 01111 1111111111 des 12. 0111111111111011
11111. 1111011111 111 dass 41111911 11111 1111110101 1111110101 11111011 11113111. Des
0111111111 011 DH. 11. 11111011111111111111111111111101101110110111 0011111011 111111
11. Β. 1110101111 Ζ11111111; 011011111111111110111101 111 diesem 11. B. 1111111131
11111111 11 dem 11111 011111111111 1111111111011111 1111111 11111111110111111111 01111111. 25
11111111011111111 1011011111 111. 811111 11110 11011011 111111. 111011111111111101111111
0110 110111 111 1111911 1111111 1111101111 werdere 11111111. 1111111111111111111111111004
111 1101. 1111111101191191111111111111011. Gemess dem 0111111911 811110110111111
1111111 1111111 1111111111οε 1110111111 1111111111111 werdere, was 11111 111 0111111111
(imperiale werde 011111 regale 1111111), 1011111111 1111111 011-1111110011 werde. 1101111111 30
11011111 011 1111111111 der VU. 01101011111111101, 11110 111 011111111011111, 110110 11111
011 0110111101 111 1101 11111111 10111. 0111111111 011101 111 10 0111111).11110.1004
111111101011110111111110111 111 111110191111111111111 111 110111 0111110111 werdere 0111
oder 111111. Die Auslassurrq 111 sich 0111011011 111111 1111111 1711011111, used 11111 die Are
der Erwe'dereersy 11111111110111 10111111111111101111Ι111111011 1111 311011 ‹Iade-re 1111111- 31
111 DO. 371, 1111 11110 11101 1110110111 1111111, 111111 11101 11 1111111111 01111111. 111111
101111111 dieser Passus interpolirt, 11110011 1111 011111111111111111 11 11111011011 111-
1111, 11111011 dies der (11110111110111111111111023911111011111110011111. 1111111011
11 0111 DH. Il. 11111111. 11111 111011 0111111 011 0011111111 11111111 111 11111111 1111
der Η110 011 11. B. 111 8111111011-1111111111111111111011, 11 111111 011 01111111111111141
01111 1111111 Ρ111111111111011 0111111911 11111, 1111 011111 110111 011 11111111 side 01111011
tend welche 111 011111 Η111111111111 011 Sedleessformelre 0111110191 1111. 11111110111111
111111 011 DH. ΙΙ. 111 111111111111111111111, durch 11111111 11111 DO. 230 11 der 1111111-
1111111111 11110, 11 111 111111101111111 0111111111 0111 01111111111111911 den 11-
11111 1111101111, 1111111 111 11111111111111111911111111 3101111111 1111111 1111001011 11111. 41
Dee Bewee's 011-1111 1111111 111, 111 die 1111101111 011110111111011110111111Ρ11111111011
[1111111111 1110111911 werden 11111, dier 1111101111 111111 1111111111, 1110 so 0111010111

 

