KAISERURKUNDEN.

Abriss einer 04446. 6461166616464 46 1164666669 (66666466. 1836) 38 664 A. - Η49ἶ er
04446. 646 Η469141661 Β6666466669 (Ρο1441661840) 39 64616641146464414669 661 Orts-

66166669 6646 A 46 949. - 1164641 011. Β64641466. 1, 8, 91 619 464 A 46 9411
(a). - 1144466446 011. 1166666644 19 69 7 664 A 46 949 (6) .-. Ρ6664644644 UB-
(81411161868)1, 56111 1649. - 6144141466. 1111118 6715 664 66 46 949. - Eme-5
6666 011. 466411. 1, 16 6192 644 A. - 16644146 1111. 446166 7 6ο 6 464 A. -ae‘
Β166461149. 168 46 949. - 816661 1149. 169.

044414664646466 11116666 41646 661 1646646446 1146614669 666 110. 76 ertstandenm
06644914. 11146 441 666 664694166946 6644 14141644 666 464 6164466611 6416466144 D„ aft‘
9444646 666 4461664646 1146461141666941461466 (6. 6. Oudo 4141111416), 946664 rem das 1⁴
7466666464 46 110105 4661146 66411446 6446416666 werdere 641, 46 6646 646 Drmnder
16666. 0. Ι. 168. 1114446 6444646641 414 64466664 6466646119 6644 66 110. 76 diescere»
Ρ46466466141161694646644 1166694 9466661 werden 614 66 646 44646 64664 496146 461-
416664646 110. 105 666 6644 646646 1161666466 666 91464646 Ρ66666446 2664646 renel
1164464 4694164411 worded 4466 461146, 666 46 66661641 6444 6644641464 11666664 464619·- 11
41464 4164 6666646669 46166646 habe. 146 6464 6496946 1619464644 46 64646646. Die
1146646 646 1614664666146 4666 6646 66461466 664619464914146, 414 66 110. 105 arrd·
6646 41641669 6696161661 46166. 1164 11466669 666 Friedrich, 11666 666 0466 66 646666
81614646 1666 646 646 81411669 64644166 46 641646 Α69414946646146 66661 1766646 646646.

So 614661 666 6611641666 6444 6446 110. 76 44666 946 (6466 6144 6666616464114166 :3ss
141 9494611646 646 666441166146 1466696646 der 0666614146 1441466116, 66 44 6466 da

664 1161466414 646 14696611 46644 4164416446 11644 46 6464646646 64114, 46666466 664
0666614146 iiber 61414664 4616646664161666461669 666 6141666466 64664616) 646616941-

16464 14961 Marinus 66 114614461666 9464111 64646 4611, 66461466 6416466466 414 661116
14466 464114644 Ζ4696644 66611491· 614Α69664 6446616 46 6664646146 64114 646 66461 166 25
946441411461191, Er 141 146646 61461 6146169 6644 4646 1166616446 646646 1114166666 4494-
664446 666646 44646. 11444466 666 1144464 sind 6646Βό11946 1116444446 666 0669666446
4137666 120 61461 66461466, 666 66 Ζ464661 4666411 Η66416469 666 94466444 0614464646
4694164611, 46 dass 4664 664664616964614641 64661 6496661 6444 die Ζ666146 666 2464646
4644661 der 6114646 614 646 91694664 61611649 469449664646 4644646646. Hier 466664 41166· 36
416694 4664 946664 6464141669 46646646 646 Ζ466146 466 1166416469644646 6446466946 66
0661414 Ζ466146 666 4146 Ζ466146 666 646 64114646 1641146 66441646 Ρ666164 4661116144
9464446 4416, 666 664 66 46 6466 de 66 110. 105 646 616964666946 16164146 4694666194
Ζ466146 6666646646 644494666646 werden. 11696669641166 646 Art 64666646 6646
641646 1166469666 46644646 666 664494646646 Η666164946, 4666466 661146 666 646 11
11466666666946 66 666 64949646 16 16646 46 666169, 414 6444 eie 166 4666 411466 614
7464144614966664 9411466 9464461 646646 6666146. 11444 16 110105 64164114 646 11169414-
666946 Ζ466146 jeder Zweidedtiyked 6669464691 666646 641, werdere 664 6611664141 6664
4146464646 1166416466 S. 1116664 66 66646 1641464444 4661661 66646. Am 4646194146 46111

666 644 64614646 6614646146 414444 110. 76 611 1164166461461496146 41661694 Ζ466146 46
6164666646141 666 6646646646 6646 661 41646 466646946646 2644144 64644646 worden 441,
deren 4664 16 110. 76 46 1614146 614114 64464161 6666, 641 4664 646 414444416ἱά469 46644
64646 89669414 464 646 6646461946 74664664 46 441641664166611464 8441166669 6444 464
464646 6661 6649446666 als 6646 4649664446 646646 666614. 11644 14141464 66 110. 105
94446414, 6646616110. 76 614 7661694 6466141 werde, 6666 1991666 66661 4646661696 46
dass 66 664 D. 16666666466669646661 4164 6149646696 Ζ466146 6446911664 Ρ44464
466944666646 4646646 rear: 6646144 der Art 64666 ost 1166466946 466 116194. 1144614 646
46661 646644 646 666 11666146 6. 6 464944966464646 Bedenkerr, 46 9661 6646 166 6646

646 1164446149 6444 644 Dictat 666 110. 76 46 464 46646 desse 666 4416646 81614 641,

 

