VI VORREDE.

1113133 11133133 131. Dorou 131133 3111 33 81. -- Sigillum impressum, 131113 331111 Β131391339
33113311339 33 1111111313 131, 81. 1, 2, 13333 8331391339 3111 313131 der 333 11111113 113 Ν13311
Archiv 3, 27 331913111133 8111119111 3313133111313131 (3113111113113 813931 sind 1313 111 111129
131113 13131113391311311111113), 81. D. = SI. deperditum. 81131 8311111331113 oder 813911
3331113 den 31113 Copten 3131111111111 cerdonianorum, 33 31131 313 13 den Druclccn ebcosolls
reprodocirt. M. 13113131311133311381311191331311131133113111113 13 deo Ur· 31111111-
schristcn 3133113311.

3111 dcco Woutlnnt 3131 33 (111 8111111131133 der 01191331113131311 doc 91113931191-
11111111 worden. 111931313133 Ε, 1111139311113113131131 3111 11133133 3113111133 Β3311-
313113 sind 3313913313311 19913 91331111. 1111 11313133113113131331131391133 U 91333 311
13 133111111119939131131. 1131311111111311 1313313 1113111333 13313 131, 33 131 113113311131
1313313313319333131313 wod 113331311131311 111311111113131111. Β31 23113313133313111111
131113 0119133113 339113331133 1731113133913 13111131113, 1339131333 11111133 13 3311313113
3339311131133 8111133913. 13 der 9133333 113911οά33133 1111113113 11311133 13111 91933933
11333131 33313111131131113 1111113313 3131111311 1311. 111 finde 3111311111 11333 dor 1131111
131111133133111 1113311113 Tecto der Urschriften 33 3111133113 33 3331131131 131333193333111
111111 ond dem Lescr 3311111193173131311339111333 der Besclnnffeohcit der 1111913313 1311111191.
Mon 333113111133 nonen 331111133133 313 8311311111111131111913, 33 111331 313113 31111133,
3311111133 Ζ3111311111131313313313133 01133133133 1119131313, 113131 31111311 (111333 3111113
13133133 811131111113111 und 3131331113 133139133313113 31931113113133 8913311311313 uod 8111311-
nosco, 33 dass 31331331 33 33913 3111339 31 11331311333339 331Ρ13133 131 3111313111. Es
131 13133133 ’1133131331 1111 31331133 Ρ31131113 cnud 1113111311 1131331113 [1131333133 831131111,
113 33 1311311113 1113111313 113 Τ13111 311311 3111 3113313113 13311311113 1133313319111119331
1311111 93331113113 113133, dono 1133311 13311113 3111 33311 11113 Ζ3331111331911311 11111181111111339
133 1133133131 Ζ311133 3133331111313113113. 8313113131 13 1111 91131113 9113113 dic 111111
3131133 1113133133 3311133 1311333133. Ans 91111113 813311 11311 111 13 den 113133 noer
91113 1133111139339, 113331 uod Correctur 131111111. 831131 111131 113 11111111133933111133 33 3111
oder 33 133319 9133131 1131113131, 113133 1311 33 11131131; 911311 sind 03391311333131113
33139133113133 Ζ1131113, 31333 dic 1131113339 1313113 11331131 13131139, 113 Druck 3111931131
worden (3. S. 70). 11393933 sind 133113331313 13 1131 113111339333111 93131333 1111313333
ancl 131 Druck 1111113113 worden. 1311133133 311. 313 33 DK. 9 33331319133 111311, 1311111
831339 131 811111131ὶά. aug. 331 iudition. 9391133 131311 13111111. 8313 11111111 (1333333331
1111113113111 83131333 Α 131 31311131 33131 1713113 3111 Mol 1133 11131113 Wort 33393311113113
3131 dono 3311 31331 139111313319 indictionum 9333131, ond 333 DH. 13 11131113 13111333 cr
docuit anno indictionum quintodecimo 1333933 wolde. 113113313311331133 1111131133 1331111 3311
11333313 1111 8311111 odor 33111311333339 1133 1133131313 313333 SA. 1111111 33 1311311113
sind, 3331 dus compendium indict. 13 indictionum 3313311333 3311 331 13311113131131 13 den
1131331113 1111113339 33 3333111313. cho 333 131811111111811. 3131391131 331331111113 111
3193331333 13311331333133 indictione 3311931311, 33 131 31 docio 1319111131 1113133, 313 11 DK. 9
3313131111339 133 SA. 3313111911, 31113331 11133313 1111113 1313313· 311131 33111113 Um-
3113113 9133113 131 13131 11311 der Aodosnnq 1111 1111313131 3311131133 33 1313313. 11131 33
113 131 13 31113 913131 333113311933 nocco 3193933913, 13111131 111, 13333 3131 11313113339
1311 31313111131 8131111311 3313311333 11333311 S. 1315 311 131 Τ1311 9113113, 1111 1133133111
3111313193113313111 113111331111 1311. -1311 11111 3311131313 33 113 83113111111113
33111111. Bo· cliguudi 8. 401 1111313 3133 31313 1133111111111313131113 dem 13133133913 11313
1311131 1331311331 13 131 1133111339 913391 13333313 Α, dcun 011913311191313 31111. 113111
1111131113 1311 3111 31111 dnos 33 11313393 3131111113 3331113319 3113 131111, 131113 Τ13113 313

DDK. 35, 36, DDH. 19, 26 archiopcapclluni, urchiarchicnpcllnni‚ archipolum, archicapellani
33 dodon Adcr 3133 1311113111 1311 dora-n 113333 93311313, und dos 11331113 1311, 311 311

 

