219 328· (DO. 119) 379

220 329
221 880
- 331
- 332
226 383
222· 334

222· 864·

226 836
224 336

226 336·

227 837
228 338
229 399
230 640
231 641
232 342

233 342·

234 343

- 649.

- 344
- 346
286 346

333 343
333 333
333 334
333 433
343 333
344 334
344· 333

33. 460 366
343 334

33. 444 333
343 333
344 333

sp. 434 334

. sp. 433 333

246· 363
246· 664
246 666
247 666
248 367
249 368
33. - 369
260 670
80· -· 371
33. - 872
262 373
263 374
264 676
266 376
267 377
266 378

334 333
333 334
333 333
333 333

- 334

- 333

33. 462 386
334 333
333 333
333 333
334 333

“ 333 334
333 333
333 333

268 393·

269 394
270 396
33. ·- 896

271 396“

- 397

- 398

274 399

33. 446 400
276 401
276 402
277 403
278 404
279 406

33. - 406
280 407
281 408
282 409

33. 446 410
606 411

33. 447 412
288 413
284 414
286 416
(1)(1. 113 416
286 417
287 418
333 413
289 420
290 421

291 421·

sp. 443 433
- 433

333 434
333 433
334 433
333 434

296 427·

299 429
300 460
801 481
302 432
33. 448 433
303 484
304 466
308 436
309 437
610 488
611 439
- 440
812 441
813 442
314 443
616 444
616 446
817 446

447
ι

336 466
337 466
338 467
339 468
340 469
- 470
- 471
- 472
- 473
841 474
- 476
342 476
343 476·
336 4763

297 4273 33. - 477

298 428

3.376 478

3.376 479
346 480
846 481

-· 482
’348 488
849 484
860 486
361 486
362 487

368 487·

-· 488

- 489

- 490

- 491

366 492
366 498
667 494
668 496
369· 496
369δ 497
644 498
360 499
361 660
362 601
363 602
272 606
664 604

3 666 606
33. 463 606
33. 464 607

33. 449 607“

sp. 433 333
333 333
333 343
333 344
333 343
333 343

371 613·

- 614
⁴ 372 616

373 616Ι

374 616

- 617
376 618
676 619
377 620
378 621
679 622
380 623

- 623.

881 624
- 626
882 626
383 627
384 628

333 333·
333 333
333 333·
333 499b
400 343
434 343·

- 344
433 343
434 343
433 344
433 344·

407 646
646

33. 466

408 ““““““““““““““““

647 1)().11. 1

402 648
409 649
410 660
33. 462 661
ερ.434 3331
411 663
413 664
33. 466 666
416 666
412 667
417 668

2,

6
4
6
6
7

8
33.
10
11
16

419· 669 (D0.1. 182)

418 660
420 661
(DO. ΙΙ.) 662
4193 666
421 664
422 666
426 666
33. 468 667
424 668
426 669
33. 466 670
426 671
427 672
428 676
429 674
480
431

14
16
16
17
18
19
33.
20
21
22
23
24
26
26
27

 

