ΟΤΤΟ Ι. 85

99 999991 in 1991991999 99199. Ais (99119199 99199999 9959991191991999999919,
99919999 sich 1991 99991 LE. 999 199999 (1999119 LO. 99. Im 9199 [99199 sich 91999
LG.-LK. 991119991999919999199199999Ζ911 1999999 fast ausschliesslieh 999 11999191-
99991. 1199 9999 Ζ99 999 Β99 zu 11999 969 919191 99999 cler (19919199119199 91199-
9 99991 99 99999. 9919. 9911991 1999999919 wieder 191199· 9199999999 des 1199199 9999-
991999. 1199999111. 99 0191999997 1919199999 den 99991919 9999 81999 99999999
0119 11. 99991919, so 999999 diesem 9999 99999Ν9199 9919191999. 99911919199989999
99999999 9991999199 9991911999999 der deutschen Κ99999 9999999 (1991999991911 999
LG. mul ΕΗ. 19119199. 19 diesem· 19999 9199, 9991999199 999199, (199Κ99919999
10 9919919999, (1999 991 9191999, 9991199 im Auyust 979 aus Williyis 999. Β1999 diesem
99999999119999199399 99919· 99999 auf LG. und 911, 99919911 (999 aus 1999991 anf
9199999991911999 9919 1111999Ί 99199 LG. 9999999 1119919999 9191199991 99999.
1199399999999·99119919τὶ199999999 99 (99 8919999999 999 1111111919, 991919 mit diesem
11999199 9999 9999 973 Otto 11. 919999, 9999 1999199999 191. 89 9999999 99 LG. seit
15 9791121. 1111 WA. 991199 in (199 919199 99999 Otto Ι. 11139991 We. 9999999, 99919
99919999991199 999· sei! 999 9999 119199 9999919999199199999919999919 (99 9919
(9911919399199999999999. --1”99<1999 9999999 9199999 9999999 MJK—LK. 999999-
999 99 in der 99999999199999 1199999999 Bel-450. 89 9199999 99191· 999 1911919-
919199 8999199, sind 91999 9999 9199919113 9999 9199999999 9199999999, fii-r (9999981111
20 999 1999911919 999 99999199 99 999119 9911 9919 otto 11. 1991993991999199 99991199. 19
891991 99918111 919199 sie 999 so 9999 dass 99 sie 931 mit 999 'Aeeta 99 9919919999 999991
99999. 1199 89191111913999191119 9991919919993919 9991 991 919199 119999911199911 mit (99
des LA. 1199 01919999 des LG. 919991 99 das 19 19999199 aus 8. 91991999. 9919911999
tritt (199199991999999199 19 scine 191919 19999. 9111 (999 1991999999 (19119199 (S. 82)
25 9199 Hand 1911999199991199299199 991999 19999999191991199991999 99199991 999 der
8999999999 99991 99991931 warde. 1199999999 99191999 (119 19991, so 9999 (9999
1191999999 9999 darauf 9919991 91999 SR. 91999 1911191999ῑί99 09999999 99 991999. 9999
1991911 91999999 91999 9919911999, 99919119 die 91999999 1191999999 899999991999191
worden 9999, (las 811. 99 9111991919, 9911999991 D. 9919999199, 991999 99919999
39 29919999 aus. 999999999999191.9991911.-1,Κ., 99199 sie 9199191ιὶ9 (las 811.
9999399999 (99919199, 991999 99 9999919999, 999999 19999199 99999999991999999199
199999 99199. 1991919999 999999 (1919191999 99999999991199199991999999919-
99199991999911999 9991999199 in 999199 feste, 9999 999 (9999999199999999919119-
91919 9193 119 11919999119999 9191 999 199999919999999911, 9999 LII. 9991 LI. 99999
96 (99 bats-her 9919199 119999 9999 notavi 9199999999. 1199999999999199999999999(19391991-
9999 99199 191999919999 des 1991999119 991 19199 1999999 (9909919999 99 11999
1199999199 19999999 9999199999 9999. Am 991199 9991919 8999199991999911 999
LG. --LK 9999 9199119191 99199991, ‘welches 9999991999· mad 9919999999(99 91999199
9199919999119191(19991999999991999 1199199999 99999911. 9999 WB„ 991991919-
40 199 9199919119 919 1911919999, 9919199· 99199 (99 191999999939199· 19999999 91999 919999·
99 99991199 999919, 9999919 999- 999 die 19999919 99 991999 19999 [9911991999199 99·-
91991. 19999919 der 1199991 99199 er 9999 vor 973 999 9999 9919 19 der 19199 eine 999-
1919 81911999 cin 999999119919. 9919119, (1. 9. er 999919 die 1999919 fiir (19 999199-
(19931991999919999. 11999999 99119 9199199999 so 99 99999 scine 9199999 Nature 9991 1911919-
45 99919 811199 99999999 9999 oft (19 1999199119999 sich 991991 1999919 99999999 99 (19 9199.
91999 We. 9199191999 11999999 99 WB. 1999919199 aus Β9999 91999999 9991 19 119
199 999 11. 0. indie (1999919 99999191, (19199 9999 diesem 99· 8919919999 111999991ιέ
LF. 9999999991, 19999 er 99991 mit 11. 0. Do. 399 1198999999, 1999111999 „sah-ren aber
sust 999 9999 DI). 99 1199999.
99 11911919919999 der 991991919919999199 991999 999119 99 bis 999 J. 951999999-

 

